01111110010001000000000001111110
01111110010010010000000101100110011010000110000101110011011011000110101101101010011001000101110111000101110000000000000101111110
01111110010010010000001001101000011001100110000101110011011001100110010000100011011000010111001101000110111110011110000000000000101111110
011111100100100100000011011001100110010001100001001000110110011101100100011100110110000100100011011001100110100011000100110000000000000101111110
0111111001001001000001000010001100100011011001000111001101100001011001100110010001110011011000010110011100101101111101100110000000000000101111110
01111110010010010000010101100100011100110110000101100111011001100110010001110011011001100100111001001001110000000000000101111110
011111100100100100000110011001000111001101100001001000110110011001100100011100110110000100100011011001100110100001110000110000000000000101111110
0111111001001001000001110110000101100100011100110010001101100110011001000111001101100001011010000011000001000011110000000000000101111110
01111110010010010000000001100111001000110110000101100111011010000110011101100110011010000110011001110111010001111100000000000000101111110
01111110010010010000000101100100011100110110011101100110011001000110011101100110011001000011011100011000110000000000000101111110
